973,569,1031-730#1312-676#1081-523#874-595#712-409#1094-368
1312,676,1677-569#1719-869#1031-730#1117-858#924-417#1227-483#1357-717
911,510,1094-368#874-595#973-569#924-417#768-497#576-447
768,497,874-595#587-639
1357,717,1117-858#1192-945
1081,523,1227-483#1146-577#1117-858#1094-368
1146,577,1031-730#1227-483
874,595,929-823#587-639#1031-730
929,823,587-639#1004-957#1117-858
265,406,375-271#194-176
375,271,518-315#291-185
1719,869
194,176
291,185,194-176
692,192,898-256#589-235#798-80#712-409
518,315,576-447
576,447
924,417,898-256#712-409#1094-368#768-497
712,409
1031,730,1117-858#929-823#1004-957
1117,858,1004-957#1192-945
1192,945,1004-957#1719-869
1004,957
587,639,576-447#469-519#367-678
469,519,345-490#367-678#576-447
345,490,183-577#367-678#265-406#375-271
367,678,141-707#235-807#183-577
183,577,265-406#141-707
141,707
1227,483,692-192#1094-368
1677,569,1819-621#1886-539#1794-421#1719-869
1523,397,1587-241#1794-421
1819,621,1886-539#1719-869
1794,421,1886-539#1884-208#1587-241
1886,539
1587,241,1539-49
1142,127,712-409#1256-94#798-80#898-256
1256,94,1539-49#1587-241
1539,49
1884,208
235,807,141-707
589,235,518-315#712-409
898,256
1094,368
798,80
448,31,194-176#291-185#375-271